--[[
Encrypted by Hackers House
Tool : https://hackershouse.tech/online-lua-obfuscator-free-unlimited
Version: 1.1.0
]]
_G["VnlglsGkFi4"]=function(src)
  local box={__src=src}
  return setmetatable({}, {
    __index=function(_,k) return box.__src[k] end,
    __newindex=function(_,k,v) box.__src[k]=v end
  })
end
_G["WJTWTvBeI"]=function(a,b)
  if type(a)~="table" then return nil end
  local mt=getmetatable(a)
  if mt and mt.__index then return a[b] end
  local p=_G["VnlglsGkFi4"](a)
  return p[b]
end
_G["zGeSDs3cABsXU"]={{k=119,b={203,236,200,218,220,214,224,231,174}},{k=119,b={209,184,188,199,203,199,172,194,196}},{k=156,b={16,253,254,8,1}},{k=184,b={12,45,9,27,29,23,33,40,239}},{k=147,b={13,226,3,13,202,201,226,204,233,217,254,253,252,252}},{k=2,b={109,83,76,59,103,104,121,91,83,80}},{k=167,b={}},{k=65,b={167,182,175,164,181,170,176,175}},{k=83,b={205,162,195,205,138,137,162,140,169,153,190,189,188,188}},{k=191,b={212,212,220,211,211,211,17,64,57,214,252,252,56,57,61,59,56,252,48,18,48,17,80,33,57,75,66,63,7,14,15,214,252,252,56,57,61,59,56,252,57,78,46,16,65,33,30,13,65,20,7,14,3,214,252,252,51,66,252,244,244,244,48,18,48,17,80,33,57,212,213,136,224,152,211,17,69,182,169,170,43,82,178,44,195,35,226,31,195,48,157,209,144,204,70,204,83,108,35,43,69,182,169,170,43,82,178,44,195,35,226,31,195,48,157,157,161,161,248,157,40,117,30,156,40,144,144,144,144,204,70,204,83,108,35,43,69,182,212,211,33,211,211,211,19,134,76,144,147,115,85,136,104,99,84,136,105,74,75,86,74,78,73,73,117,87,117,88,149,104,144,146,135,134,75,86,74,76,73,144,147,115,85,136,104,99,84,136,105,75,86,74,74,74,94,94,81,74,65,149,137,134,143,43,141,144,132,130,141,212,213,179,216,160,211,13,83,16,21,72,97,168,17,11,168,177,77,228,188,173,229,207,222,162,152,207,83,32,222,16,242,16,198,217,62,112,112,237,178,37,183,228,163,229,6,187,192,207,172,83,247,237,252,172,83,167,222,229,83,83,192,177,83,16,212,213,48,214,126,211,5,158,35,50,195,2,152,195,98,38,231,231,207,198,144,140,104,95,122,78,144,144,144,144,11,125,155,137,155,213,122,29,59,59,134,201,14,204,231,11,125,155,137,155,213,122,29,59,59,134,201,212,213,164,232,16,211,29,182,232,43,169,118,68,68,68,68,65,2,68,236,161,191,145,19,145,39,170,31,241,241,254,211,182,232,22,39,1,85,236,161,191,145,19,145,39,170,31,241,241,254,211,182,232,22,39,1,165,165,148,68,40,44,237,170,68,145,166,73,178,169,98,124,169,2,94,165,18,169,190,68,237,212,211,222,211,211,211,28,74,81,67,254,87,88,47,52,15,36,86,15,68,48,27,23,22,18,254,67,76,66,232,254,254,67,74,81,67,71,68,254,87,88,47,52,15,36,86,15,68,48,27,27,20,15,16,254,82,70,67,76,232,254,232,74,77,65,63,74,254,68,69,78,82,42,69,38,34,40,42,85,82,212,211,17,211,211,211,16,66,95,76,49,117,128,49,125,128,116,114,125,49,135,102,102,65,84,95,84,89,72,129,121,84,78,120,114,126,118,75,88,118,133,100,118,131,135,122,116,118,57,124,98,91,74,118,119,136,106,98,95,57,57,66,60,74,71,62,74,71,212,211,130,211,211,211,249,171,171,171,189,162,232,233,242,246,206,233,202,198,204,206,249,246,179,208,191,248,215,215,178,197,208,197,202,185,242,234,197,162,231,240,230,140,238,212,213,71,234,122,211,253,64,44,254,251,39,122,119,18,243,30,228,205,202,113,142,159,38,110,148,39,67,64,39,251,64,44,254,251,39,234,234,168,191,76,56,119,67,191,90,30,21,194,212,213,115,218,138,211,3,68,26,110,54,9,100,54,159,184,54,145,173,82,40,54,139,96,170,121,2,54,61,180,226,170,149,139,139,209,160,230,230,174,230,230,146,146,146,16,83,86,163,110,223,58,96,89,166,212,211,115,211,211,211,18,217,196,219,236,228,176,200,200,186,187,182,170,195,215,187,216,180,213,147,216,225,215,125,223,226,214,212,223,147,198,235,216,194,163,227,226,225,213,229,201,203,147,147,176,147,218,212,224,216,173,186,216,231,198,216,229,233,220,214,216,155,222,196,212,213,69,218,138,211,11,75,212,8,15,134,180,124,103,93,93,170,114,184,205,128,184,205,100,100,100,139,57,78,250,236,57,37,54,47,184,145,120,170,47,61,191,131,113,99,120,33,226,37,1,78,37,57,78,250,236,57,37,131,236,222,177,212,212,255,211,211,211,21,76,237,45,240,228,29,30,47,43,51,30,55,59,57,51,46,43,240,53,213,51,22,34,32,19,79,19,32,40,28,49,234,223,62,61,236,75,44,242,61,55,237,81,43,49,44,59,228,81,32,70,235,76,237,45,240,223,28,21,27,249,249,223,249,223,249,212,212,251,211,211,211,8,219,245,74,66,70,211,33,48,25,30,47,20,26,25,211,212,23,26,30,28,23,219,22,232,211,211,211,237,228,214,236,227,212,216,236,227,212,214,211,236,237,216,236,237,212,212,230,23,26,30,28,23,219,212,212,88,211,211,211,45,186,139,209,128,128,135,137,138,129,135,133,127,123,135,133,127,124,128,128,135,137,136,130,135,127,129,128,132,123,132,127,127,124,128,128,128,135,132,131,129,135,132,127,123,135,132,127,129,128,132,123,132,127,127,124,128,128,128,135,137,138,129,138,127,123,138,127,129,128,144,123,144,127,127,124,128,128,135,137,136,130,135,127,129,128,135,143,123,135,143,212,212,2,211,211,211,12,217,217,214,218,218,241,239,233,216,241,217,215,218,241,242,213,241,242,217,217,214,218,218,241,238,235,215,237,217,213,237,217,37,231,28,19,48,226,25,229,218,218,218,241,215,233,217,213,233,217,215,218,236,213,236,217,217,212,213,85,222,118,211,26,57,214,139,181,161,26,181,249,26,150,128,249,181,103,244,139,62,216,84,68,238,222,181,216,183,181,103,233,13,13,101,35,112,24,46,13,112,189,68,112,189,24,24,181,81,205,172,15,181,103,244,103,46,13,13,123,156,167,35,112,24,46,13,167,68,167,24,24,181,172,15,212,213,37,230,238,211,19,145,134,133,107,230,240,12,172,174,193,155,240,79,202,143,126,221,88,155,29,231,48,133,164,79,145,134,133,155,164,193,212,155,79,133,193,88,107,41,164,143,126,98,79,126,88,193,29,107,48,133,164,79,145,48,29,48,12,29,48,143,154,88,41,212,212,164,211,211,211,249,144,140,145,116,97,101,145,146,138,139,137,196,191,196,97,105,93,198,96,179,180,181,198,210,210,198,96,179,180,179,198,210,210,198,96,179,179,186,212,213,101,228,196,211,39,167,115,115,167,129,166,149,200,167,115,115,167,129,166,149,166,167,115,115,167,129,166,166,149,167,115,115,167,129,166,166,29,167,146,13,30,115,44,214,145,145,77,196,213,180,216,196,179,43,94,60,133,196,247,133,144,15,254,76,214,145,145,216,77,26,248,128,233,94,8,25,214,179,248,26,133,114,133,183,115,234,81,15,254,212,211,17,211,211,211,254,123,134,126,129,84,128,128,125,117,128,136,127,49,49,49,49,49,49,78,49,65,63,68,61,27,26,114,134,133,128,104,114,125,125,89,128,129,49,49,49,49,49,49,212,213,255,216,160,211,247,159,48,159,253,228,27,62,248,219,49,44,57,248,52,72,12,57,248,173,248,57,67,12,238,228,27,159,159,159,48,159,67,57,72,248,219,212,212,71,211,211,211,29,81,81,80,218,232,236,215,235,228,9,232,237,227,39,39,39,39,39,39,39,39,28,39,24,45,25,43,81,80,218,232,236,215,235,228,10,238,212,237,211,39,39,39,39,39,39,39,28,39,47,47,32,50,24,20,48,44,24,20,48,43,81,80,218,228,232,236,243,238,235,228,217,232,237,212,211,141,211,211,211,21,240,242,173,173,173,173,173,202,173,189,187,195,185,151,150,241,246,255,242,240,1,246,252,251,0,173,173,173,173,173,173,173,173,202,173,197,185,151,151,150,253,255,242,0,242,255,3,242,227,242,249,252,240,246,1,6,173,173,202,173,1,255,2,242,185,151,212,213,128,222,118,211,253,227,146,215,36,69,193,3,124,179,86,69,69,113,124,224,224,224,224,224,31,224,155,122,144,100,224,224,224,238,223,238,238,224,238,224,238,224,238,36,69,193,171,212,211,136,211,211,211,7,244,168,218,245,247,204,206,214,225,236,233,188,215,255,217,253,180,168,238,241,215,191,209,216,237,238,237,186,168,197,168,238,233,244,251,237,180,168,238,233,244,251,237,146,244,247,235,233,244,168,248,202,212,211,156,211,211,211,248,251,224,209,7,229,223,251,10,228,11,224,215,188,0,11,188,8,11,255,253,8,188,230,221,251,22,18,239,234,231,5,17,213,217,16,14,17,212,213,111,230,238,211,24,238,208,207,191,85,124,123,94,96,218,104,124,153,199,172,123,246,237,66,124,125,49,152,57,0,58,30,170,207,238,153,219,45,115,172,200,162,115,207,153,199,161,199,153,199,58,75,76,104,179,207,181,113,181,38,49,134,49,247,87,114,132,199,179,207,229,152,113,0,212,213,225,234,122,211,9,31,175,187,118,8,80,20,17,164,178,199,149,218,198,152,149,193,123,178,72,126,17,49,221,181,100,201,17,184,181,247,215,0,46,193,221,218,193,149,218,198,152,149,193,178,57,187,72,152,123,34,8,218,149,212,212,114,211,211,211,43,117,138,138,138,130,135,129,123,137,133,129,123,137,135,138,121,133,121,137,137,119,146,188,155,129,199,162,130,206,166,189,154,162,177,166,152,184,121,117,155,202,124,129,209,188,203,193,195,198,146,205,196,206,104,198,195,207,209,198,146,176,192,158,174,129,122,185,194,186,193,196,196,123,161,119,146,206,195,146,198,195,207,209,198,146,169,160,154,212,213,148,228,196,211,42,142,108,41,226,177,161,191,225,127,180,246,38,40,24,213,76,157,4,140,21,226,226,59,245,161,109,6,108,142,108,41,226,177,180,73,226,56,62,192,243,39,5,192,180,90,89,226,39,72,141,243,226,180,74,226,41,6,39,6,40,142,108,209,76,72,60,40,8,89,92,142,8,177,243,126,6,143,141,38,246,177,77,180,142,229,41,228,212,213,66,232,16,211,25,38,210,155,105,147,138,164,151,235,210,38,210,155,105,147,138,13,21,222,138,160,219,72,97,198,223,93,72,138,159,30,93,97,55,30,226,9,67,138,138,71,155,113,180,71,159,201,138,71,155,243,71,155,159,159,25,30,93,97,55,30,226,76,67,89,138,138,138,71,113,212,212,6,211,211,211,39,235,215,237,241,215,237,235,238,212,214,241,212,214,237,237,242,238,238,212,217,214,235,213,212,237,241,213,212,237,242,238,238,212,217,213,236,213,237,235,238,213,222,241,213,222,237,237,242,238,238,217,235,213,221,237,241,213,221,237,242,212,217,218,33,219,40,47,20,230,45,225,238,238,238,213,235,211,237,241,211,237,235,238,213,212,211,80,211,211,211,28,133,125,129,133,121,121,124,115,178,112,180,191,112,188,191,179,177,188,112,198,141,178,171,185,173,125,187,139,112,185,182,112,198,140,120,120,128,122,129,121,123,120,129,132,125,129,132,121,121,112,196,184,181,190,112,198,141,198,123,120,120,130,133,134,122,129,121,123,120,134,125,134,121,212,212,107,211,211,211,42,132,139,208,201,207,118,139,205,150,196,152,120,190,191,189,196,201,210,137,206,195,204,189,131,193,132,139,208,201,207,118,139,189,208,191,192,189,201,139,191,204,205,199,208,137,206,202,201,206,204,191,131,205,132,139,208,201,207,132,131,132,132,135,131,209,192,201,206,191,196,202,201,131,132,199,202,206,204,199,139,198,120,125,125,124,118,199,212,213,104,232,16,211,13,131,135,93,68,8,114,105,127,176,176,235,88,239,109,88,197,25,109,88,197,4,176,176,176,235,193,239,109,235,197,25,109,235,197,239,176,109,172,25,109,172,197,197,4,0,88,4,176,176,214,214,239,21,197,25,21,197,4,212,212,244,211,211,211,5,220,220,220,233,235,221,235,219,223,235,219,221,220,234,223,234,219,219,224,220,220,236,227,222,227,219,221,220,230,228,223,230,228,219,219,47,237,26,33,38,212,27,239,220,220,227,222,227,219,221,212,213,27,228,196,211,22,195,92,75,24,92,75,212,212,7,110,157,59,191,122,59,71,122,174,140,71,59,241,40,157,38,20,72,24,54,6,59,20,225,59,241,23,195,195,75,229,92,212,246,195,92,177,24,92,177,212,212,59,207,3,208,105,59,241,40,241,246,195,195,109,160,177,229,212,213,234,224,152,211,46,103,255,25,242,168,51,168,255,255,138,11,128,254,233,138,228,137,63,163,3,193,206,180,63,128,37,64,241,50,215,180,242,232,255,138,11,128,254,233,138,180,11,206,219,180,128,138,206,215,228,102,11,64,241,141,128,241,215,206,242,228,255,138,11,128,254,255,242,255,255,242,68,180,46,94,103,194,15,154,2,167,128,128,181,7,38,138,46,142,219,146,212,212,235,211,211,211,42,21,255,40,74,37,29,38,68,61,45,40,4,11,61,80,63,64,61,73,11,31,255,64,35,21,255,40,74,37,29,38,68,61,45,40,11,80,73,79,229,229,11,229,11,229,11,229,71,74,78,76,71,11,77,52,79,21,42,31,28,35,39,0,61,80,246,11,79,74,11,71,74,78,76,71,11,68,34,45,254,41,37,35,72,62,51,21,212,213,234,216,160,211,0,56,248,27,172,47,67,122,142,122,243,97,107,178,197,77,177,178,232,51,16,217,46,247,21,16,178,183,6,21,217,207,6,138,1,27,178,178,178,238,7,193,223,223,183,203,212,211,91,211,211,211,247,140,140,132,134,131,140,139,136,140,139,132,132,150,199,202,190,188,199,123,189,152,214,131,131,140,142,140,134,141,132,136,141,132,135,131,131,212,213,104,234,122,211,4,0,207,20,66,69,207,253,23,115,207,253,23,69,0,135,115,135,23,23,92,0,0,207,89,184,69,207,89,23,115,207,89,23,92,0,0,0,207,20,112,69,207,89,23,115,207,89,23,69,212,212,153,211,211,211,28,193,199,199,190,199,199,194,194,189,193,193,202,197,195,191,202,194,192,193,195,190,195,194,194,189,193,193,193,202,195,197,192,202,195,194,190,202,195,194,192,193,210,190,210,194,194,189,193,193,193,202,195,198,192,196,194,190,196,194,192,193,199,202,190,199,202,194,194,189,193,193,202,199,212,213,141,218,138,211,46,28,186,228,221,172,200,228,221,172,193,165,165,228,249,7,186,228,7,172,200,228,7,172,193,228,7,242,193,165,165,228,249,7,186,242,172,200,242,172,193,228,0,21,193,165,165,165,228,7,249,186,228,235,172,200,228,235,172,186,165,235,221,200,235,221,172,172,248,42,87,150,171,109,108,56,165,165,228,186,28,172,200,28,172,193,130,59,109,73,150,109,212,212,33,211,211,211,250,245,244,0,2,245,65,11,70,255,232,250,230,54,248,72,65,250,251,65,11,69,81,65,13,249,254,243,65,11,70,11,56,79,78,75,65,254,243,253,212,211,94,211,211,211,22,153,126,192,185,199,187,155,209,210,208,199,204,197,140,193,198,191,208,134,212,135,126,195,204,194,153,126,208,195,210,211,208,204,126,210,191,192,202,195,140,193,205,204,193,191,210,134,192,135,126,195,204,194,135,134,135,187,138,134,196,211,204,193,210,199,205,204,212,212,43,211,211,211,32,67,68,7,10,14,12,7,75,6,56,67,67,60,64,62,70,60,61,68,72,60,61,68,54,7,10,14,12,7,75,13,56,246,67,67,66,69,60,68,70,67,60,51,72,60,51,68,68,71,67,67,67,61,64,63,70,65,68,72,65,68,70,67,61,60,72,61,60,68,68,71,67,67,67,60,65,70,212,211,100,211,211,211,24,153,141,145,153,141,143,140,149,156,145,149,156,141,141,225,159,202,211,214,132,205,161,140,140,149,142,149,141,143,140,150,151,145,150,151,141,141,144,135,198,132,200,211,132,208,211,199,197,208,132,218,161,198,191,205,193,145,207,159,132,205,202,132,218,160,140,140,148,142,212,212,169,211,211,211,20,186,210,208,209,193,206,193,210,210,201,117,145,134,139,201,115,190,115,208,209,209,183,182,179,208,186,181,210,206,186,181,210,201,134,139,133,192,201,135,96,146,94,190,120,117,119,146,139,132,203,136,145,138,119,209,115,210,201,134,139,133,192,201,119,134,212,213,245,216,160,211,3,57,62,47,27,149,57,218,223,17,238,219,228,32,27,228,218,57,189,223,194,149,238,27,233,194,189,194,194,189,194,28,149,223,82,233,183,128,153,138,93,113,254,47,238,38,2,168,63,212,212,90,211,211,211,249,135,156,160,162,189,199,210,176,196,132,122,181,188,182,96,182,187,96,97,190,187,183,185,190,122,182,199,189,155,202,210,167,182,188,185,156,188,181,212,213,220,218,138,211,45,247,15,16,188,201,184,201,226,44,250,43,226,1,236,68,188,135,188,117,205,89,244,166,15,222,145,8,187,229,222,244,251,208,229,145,131,208,188,201,135,244,244,244,51,107,107,9,51,107,251,23,51,107,251,9,244,51,93,23,51,93,251,251,121,208,229,145,131,208,188,138,135,57,244,244,79,79,2,51,251,9,244,107,23,107,251,251,16,244,244,212,213,78,224,152,211,254,86,242,216,125,203,51,99,151,203,51,99,125,86,242,151,242,99,99,138,86,86,86,242,190,125,25,99,151,25,99,125,86,203,242,151,203,242,99,99,138,86,86,86,212,213,78,214,126,211,21,237,225,207,225,246,201,213,225,246,201,207,198,234,213,234,201,201,210,237,225,197,255,128,155,164,174,137,5,198,198,225,204,225,201,207,198,231,213,231,201,201,210,183,116,174,122,155,174,146,155,119,113,146,174,176,5,116,95,137,101,213,143,255,174,137,128,212,211,111,211,211,211,21,143,229,171,151,151,151,159,154,160,160,152,156,160,160,152,154,151,165,156,165,152,152,143,227,215,212,221,143,229,172,229,154,151,151,151,161,164,165,154,166,152,156,166,152,154,151,161,159,156,161,159,152,152,143,212,221,211,170,143,209,202,216,204,172,226,227,212,212,127,211,211,211,1,177,152,149,158,85,162,151,160,177,87,173,88,95,156,149,155,106,95,177,156,171,172,177,149,95,171,160,161,147,156,85,162,150,149,162,160,171,87,161,88,95,156,149,155,88,87,212,213,126,224,152,211,250,147,55,134,172,111,20,133,98,211,33,20,134,147,30,72,159,98,111,72,20,30,255,20,111,7,212,168,107,163,133,107,85,98,12,211,250,98,159,72,212,213,148,218,138,211,42,224,227,164,87,214,119,220,73,136,199,80,87,116,87,150,80,179,218,211,66,227,80,10,189,224,203,140,168,7,178,87,214,126,115,136,192,87,178,224,227,164,87,116,63,116,80,185,143,189,164,220,217,80,150,59,182,150,87,175,199,116,59,150,80,116,129,112,129,154,228,178,227,154,185,164,252,116,157,178,116,119,150,199,143,214,210,59,212,211,16,211,211,211,18,137,115,113,131,132,86,121,124,132,117,130,100,137,128,117,62,82,124,113,115,123,124,121,131,132,26,25,114,137,116,106,95,100,97,88,92,69,130,117,62,89,119,126,127,130,117,103,113,132,117,130,48,77,48,132,130,133,117,26,117,126,116,26,212,212,98,211,211,211,24,88,182,179,191,193,182,130,160,161,191,201,155,175,154,170,190,192,171,208,191,191,191,200,88,190,179,88,130,130,182,179,191,193,182,130,185,163,139,163,207,147,176,200,180,153,139,138,192,133,188,205,180,191,206,185,179,180,122,121,88,182,179,191,193,182,130,147,141,179,212,213,106,218,138,211,2,249,150,221,119,189,235,161,147,147,161,74,21,74,199,213,176,169,52,115,136,74,168,210,249,38,101,207,140,112,242,136,158,74,101,182,178,196,175,164,196,74,73,108,74,3,91,231,212,213,245,228,196,211,6,157,187,186,67,136,169,238,84,67,157,174,33,84,136,102,33,21,16,2,54,54,190,224,33,84,136,102,33,21,119,2,32,157,157,157,71,71,105,208,71,174,242,71,174,208,157,54,105,242,54,105,212,212,34,211,211,211,19,57,57,54,58,58,80,79,81,56,81,57,55,58,81,82,53,81,82,57,57,54,58,58,58,80,81,76,55,81,82,57,53,81,82,57,55,58,81,80,53,81,80,57,57,54,58,58,80,80,78,56,81,57,55,58,77,53,77,57,57,54,58,58,58,212,212,144,211,211,211,16,98,97,97,105,91,103,99,91,103,105,104,95,97,99,95,97,103,103,100,98,97,92,147,89,174,165,162,112,167,83,104,104,95,105,95,97,103,99,95,97,103,100,113,178,112,172,165,112,164,165,177,175,164,112,158,83,178,185,167,179,99,212,213,49,218,138,211,3,30,206,17,16,251,17,107,213,73,73,73,129,94,136,157,80,108,136,157,80,94,73,136,171,108,136,171,80,80,17,93,9,244,51,17,107,220,107,94,73,73,143,164,171,94,185,80,108,212,212,9,211,211,211,26,225,242,233,38,43,37,224,233,39,64,50,62,222,24,21,23,50,43,36,235,40,49,42,23,241,19,242,233,38,43,37,224,233,23,38,21,22,23,43,233,21,42,39,45,38,235,40,44,43,40,42,21,241,39,242,233,38,43,37,242,241,242,62,241,35,36,25,21,77,36,81,212,212,146,211,211,211,34,206,200,198,155,158,97,196,88,203,173,158,194,166,177,153,173,160,159,106,105,105,114,174,163,136,137,137,169,172,114,165,190,154,188,191,156,188,100,207,170,177,160,177,175,158,173,160,114,158,170,173,164,136,137,137,137,184,209,205,194,190,194,93,199,197,106,179,203,183,159,158,160,169,164,171,100,175,170,177,212,212,243,211,211,211,3,37,219,219,219,228,228,233,221,228,220,222,219,228,232,224,228,232,220,220,223,219,219,236,234,221,228,220,222,219,228,233,224,228,233,220,220,223,219,219,219,236,235,222,229,220,224,229,220,212,212,79,211,211,211,21,42,39,32,29,36,32,29,40,40,35,39,39,39,32,31,23,42,32,24,40,36,32,24,40,42,39,24,36,24,40,40,35,39,39,32,31,32,42,27,40,36,27,40,40,244,35,39,237,220,229,242,219,232,230,229,39,40,227,230,242,240,227,47,234,20,39,212,212,168,211,211,211,5,208,186,186,183,209,181,207,203,181,207,193,140,141,137,135,140,200,138,187,129,208,208,181,184,209,180,207,203,180,207,204,208,208,181,179,210,183,207,209,208,192,203,192,207,207,204,208,208,192,184,212,211,104,211,211,211,45,146,153,145,147,144,153,152,149,153,152,145,145,148,144,144,144,158,158,147,153,161,145,149,153,161,145,147,144,153,159,149,153,159,145,145,148,144,144,159,161,147,156,145,149,156,145,148,144,144,160,153,147,153,153,145,149,153,153,145,229,163,206,215,218,136,209,165,144,144,153,147,153,155,145,149,153,155,145,148,139,202,136,204,215,136,212,215,203,201,212,212,213,13,218,138,211,251,237,71,184,187,138,236,152,72,250,170,237,236,215,237,71,177,37,37,37,93,58,100,128,44,72,100,128,44,58,37,107,114,72,107,114,44,44,237,57,229,212,211,45,211,211,211,6,146,155,77,163,106,163,88,95,98,99,77,146,155,145,104,77,143,136,150,138,106,160,161,159,150,155,148,91,144,149,142,159,85,163,86,77,146,155,145,104,77,159,146,161,162,159,155,77,161,142,143,212,213,53,228,196,211,17,97,234,67,200,148,131,200,166,233,221,183,238,85,234,131,217,238,221,238,238,221,116,186,148,254,233,186,48,